1.8189 4.8029 0.0000 7.6866 11.1478 1
0.0000 10.5949 1.7069 5.4764 14.2546 1
1.7510 7.6573 4.7827 0.0000 10.9086 1
0.6468 11.8000 3.8323 6.3694 8.6456 1
0.0000 4.1876 8.0992 12.5090 1.4252 1
5.6189 1.4603 9.0588 3.3765 0.0000 1
0.0000 16.0000 16.0000 16.0000 16.0000 1
7.9541 0.2738 2.4300 14.4328 4.7874 1
1.7987 4.4519 10.0040 0.0000 6.7353 1
0.4416 2.6087 10.8403 6.0330 15.2231 1
5.0567 1.6084 0.0000 11.3738 15.5844 6
0.0000 16.0000 16.0000 16.0000 16.0000 6
2.0000 0.0000 7.2500 1.0000 3.5990 6
3.8212 0.0000 6.7821 11.5412 1.4499 6
0.0000 5.2099 1.2866 14.3689 11.1576 6
5.1630 1.6745 0.0000 9.5276 14.6543 6
1.3367 0.0000 11.4269 7.2731 3.8594 6
0.5853 6.9753 11.2093 15.3913 3.7439 6
0.0000 16.0000 16.0000 16.0000 16.0000 6
0.4674 4.0305 8.3192 12.4389 15.7584 6
0.0000 10.5547 14.2066 1.8841 6.2217 6
0.5319 8.2793 11.8068 15.1304 4.0758 6
3.3305 0.5097 5.2578 2.0000 7.2174 6
0.5541 5.5217 10.7353 13.3496 15.3917 6
2.8569 0.4320 7.3104 10.7958 13.7027 6
0.3261 6.6481 2.4137 10.1148 4.4076 6
4.2623 0.4175 11.1996 7.8409 15.5753 6
6.7386 1.6809 0.0000 12.1493 15.8657 6
0.0000 5.1362 1.6865 13.2581 9.1218 6
0.5685 5.5211 10.5784 13.6897 15.9419 6
0.0000 9.2222 13.5126 1.7045 15.9041 6
7.7469 0.1783 12.5042 2.9616 15.8791 6
0.0000 1.3834 9.2177 4.0267 15.1587 6
0.5522 3.7982 13.0154 6.7807 9.7315 6
2.4461 4.6796 0.0000 1.0000 7.6000 6
6.7335 0.0000 11.3796 1.9004 14.8643 6
1.4790 0.0000 10.4000 3.7105 6.8667 6
4.8188 0.2432 11.9654 14.4302 16.0000 6
0.4989 7.0981 3.8682 10.9355 14.3962 6
1.0000 0.0000 7.7027 2.9806 13.0712 6
8.4604 1.6072 0.0000 12.0973 14.4490 6
0.3788 8.4653 4.0403 12.4234 15.9381 6
0.2025 7.2315 11.1370 15.3368 3.0582 6
6.2231 0.4020 2.5169 10.0615 14.2917 6
2.4595 0.0159 16.0000 11.8333 7.6364 6
0.0000 6.9389 11.5307 14.7975 1.7279 6
0.3957 5.8117 10.2871 13.8198 15.9128 6
3.8120 8.0000 0.7901 9.6667 6.3793 6
0.5789 5.4432 10.7778 14.1429 16.0000 6
0.1852 14.0000 7.2500 16.0000 16.0000 6
0.0000 1.3780 10.3719 4.2276 13.6667 6
0.1453 5.9973 2.6258 10.3553 15.6261 6
0.1597 12.0000 15.6949 11.0000 11.0000 6
4.4265 2.4086 0.3902 6.2889 8.5000 6
0.4465 9.2663 12.8287 15.8007 3.8836 6
0.0000 3.7801 1.3995 6.8542 9.6199 6
0.0000 5.2571 1.5826 11.0664 15.6310 6
0.4709 8.2162 4.0298 11.8438 15.2416 6
0.5305 3.8217 6.8609 9.3214 11.7500 6
1.8285 6.2018 0.0000 9.9784 13.0104 6
0.2788 7.2347 10.7875 15.5185 2.9385 6
2.8216 0.2542 5.8693 10.9121 15.4170 6
0.0000 11.3763 6.8971 15.0294 1.7167 6
0.5739 9.5667 12.8571 3.8488 6.8727 6
6.2489 2.5134 0.2653 10.7665 14.5041 6
0.3371 3.7316 10.9083 6.7076 14.7922 6
0.4923 7.0000 2.7800 8.6667 5.6250 6
0.0000 16.0000 16.0000 16.0000 16.0000 6
0.4992 2.4352 8.2368 6.3129 4.3709 6
0.0000 16.0000 16.0000 16.0000 16.0000 6
