6.9091 2.3590 1.0000 0.0000 4.5000 4.8333 1.8438 0.0000 11.0000 8.0000 1
0.8554 8.0000 7.0000 3.3548 5.5000 0.3559 9.0000 2.3902 4.4348 6.5000 1
0.0000 3.7200 1.4493 8.2500 6.6667 0.3429 2.4231 9.3333 6.3333 4.4783 1
4.8889 0.0000 1.0000 2.3934 7.7857 2.0000 0.4375 6.5000 4.2500 3.0000 1
1.5000 0.0000 9.0000 3.9667 6.2000 6.1429 3.1290 9.5000 0.2857 8.0000 1
0.0000 3.2308 9.0000 5.6875 1.4318 1.0000 5.0526 0.0000 2.5135 7.6667 1
16.0000 0.0000 0.0000 16.0000 16.0000 2.0000 14.0000 2.0000 0.0000 2.0000 1
0.2118 5.0000 2.2308 8.0000 10.3333 3.5909 5.6250 7.6667 1.4815 0.0000 1
2.8929 0.2078 11.0000 8.1429 6.0667 4.9048 0.3662 9.0000 2.4483 7.8333 1
0.5442 12.6000 9.9091 3.8324 6.5172 2.9583 0.1282 5.7000 11.5000 9.5000 1
0.2700 10.2381 14.9000 2.6923 6.3200 3.7097 0.0000 10.6667 1.3750 6.5000 6
0.0268 14.5000 16.0000 16.0000 16.0000 0.0000 2.0000 2.0000 14.0000 2.0000 6
0.2752 7.3846 9.8333 2.9545 5.5000 1.4103 7.5000 0.0000 11.5000 3.8261 6
1.3571 3.4231 5.6154 7.4000 0.0000 1.9200 0.0000 10.0000 4.6957 8.4000 6
0.5957 8.3418 11.7797 4.0842 15.1351 5.0285 1.6344 0.0000 9.3925 13.2625 6
0.0000 11.2007 1.7033 7.0161 15.3825 0.0000 14.1801 1.0000 8.1107 2.8953 6
1.6066 5.2338 0.0000 11.2000 13.5000 6.2500 0.2683 2.0000 3.5000 8.8889 6
2.4906 7.0000 4.0000 0.5283 5.0000 6.1667 12.0000 2.8500 0.3014 8.8750 6
0.0000 16.0000 16.0000 16.0000 16.0000 14.0000 0.0000 2.0000 2.0000 2.0000 6
5.1338 15.8571 10.8110 2.4282 0.3449 2.7500 5.2778 0.3141 8.3000 12.5930 6
1.7805 4.9755 0.0000 9.4936 15.2253 1.4321 14.8605 6.1416 3.4075 0.0000 6
4.8515 0.3221 10.7143 7.7273 2.3913 0.0000 3.5500 8.6667 5.8500 1.3548 6
3.3314 1.5717 7.5000 5.1571 0.0000 2.6486 0.2647 9.0000 5.5294 7.4000 6
3.0746 7.0401 0.3257 13.2258 10.9740 6.0892 1.0000 2.7532 0.0000 10.1197 6
0.0000 1.7300 10.2824 6.3000 14.9296 0.2289 5.8462 9.7347 15.2571 2.8515 6
3.8167 1.3938 0.0000 7.2500 11.0667 2.3810 8.2500 4.4872 6.3333 0.3030 6
1.0000 2.8336 0.0000 8.9475 5.7159 4.1477 8.1700 1.4130 0.0000 12.1053 6
3.5625 7.4615 0.0000 1.3469 9.0000 0.0000 7.5455 1.3043 14.0000 3.5417 6
1.3037 12.4876 7.6687 3.7244 0.0000 0.5537 10.4455 13.6463 15.5179 5.5970 6
4.0769 0.5473 14.3333 8.2353 12.5556 1.0000 0.0000 2.0000 14.5000 3.0000 6
1.6286 13.6667 0.0000 11.5000 10.0000 0.1446 5.7333 9.6250 12.0000 2.8500 6
5.0923 9.3514 0.3072 2.3750 13.3333 3.7957 0.7337 7.0000 9.8889 13.0000 6
0.0000 13.5000 1.3043 12.0000 16.0000 5.3571 2.7963 1.0000 0.0000 8.0000 6
2.4857 4.5000 1.0000 0.0000 9.2500 3.5556 0.0000 12.2500 1.3846 5.9333 6
0.9286 6.0000 7.0000 5.0000 3.5000 3.4074 9.0000 5.2941 1.5116 0.0000 6
0.1519 12.6667 2.5172 10.1429 6.2000 0.1146 2.6667 8.0000 14.3750 11.0000 6
0.6667 5.3333 3.4483 7.0000 8.0000 0.3559 2.4130 4.4375 6.6000 10.0000 6
11.0000 2.0000 4.5556 3.0000 0.5000 0.0000 8.6667 1.9730 15.0000 16.0000 6
0.5727 11.9916 14.2857 16.0000 6.3030 5.5455 3.3846 0.9432 10.0000 7.0000 6
0.0000 5.3467 3.4051 1.4265 7.9600 4.0000 5.1429 7.2500 0.2500 2.5938 6
0.7133 13.0991 9.7822 3.5100 7.1633 0.0000 1.0000 2.3538 4.7500 10.2857 6
0.3654 4.3846 16.0000 12.2500 16.0000 0.3895 3.7143 6.6667 15.1667 10.0000 6
0.0000 4.7803 1.7531 7.7511 11.3214 4.7481 0.0000 7.7701 1.8456 11.6667 6
1.3630 10.0182 12.3810 0.0000 14.0000 0.0000 2.4889 1.0000 12.8929 9.9615 6
6.4000 0.0000 1.3721 5.0000 3.3871 1.5690 0.0000 4.4211 3.0000 6.4286 6
0.0000 3.7714 12.0000 1.3261 7.2857 0.0000 4.2188 9.0000 1.5472 10.0000 6
1.0930 3.0000 0.0000 4.7778 7.7500 3.0000 1.3095 0.0000 11.4167 13.0000 6
0.3868 2.0000 13.0000 12.0000 12.0000 0.4590 2.0000 6.7500 4.4286 3.0000 6
8.4545 1.0000 2.6000 5.1765 0.0000 0.2462 2.8864 8.0000 5.3846 7.0000 6
0.2698 2.3590 4.5500 6.6667 12.0000 4.2083 0.4667 8.0000 2.5250 6.0000 6
1.4211 5.8780 3.5208 0.0000 10.6316 5.5946 1.7516 11.6667 8.7714 0.0000 6
0.1209 12.6667 9.0000 2.4000 5.8571 0.2990 4.2632 8.6000 14.0000 15.0000 6
4.8333 2.0000 8.2273 3.0000 0.5098 1.3065 0.0000 3.0000 7.2941 4.2000 6
0.1818 4.4783 2.3571 8.5000 6.4444 5.4667 0.3065 2.0000 3.4074 9.5000 6
0.3036 13.0000 16.0000 9.0000 16.0000 5.1818 0.0000 9.3000 1.7961 15.8696 6
5.0000 0.3425 2.2667 11.0000 7.8571 1.9608 6.7000 0.0000 12.0000 10.0000 6
6.4892 2.6916 0.0000 12.3188 1.0000 0.1949 13.1441 2.2289 4.6875 8.4886 6
0.6667 6.5000 8.0000 4.0667 8.0000 3.2222 0.2466 12.5000 10.6667 7.2000 6
0.0000 1.0000 7.8244 4.6233 2.4178 1.7467 0.0000 4.8556 7.4500 9.5000 6
4.2875 0.5747 7.8810 11.3372 14.9394 1.6707 8.1500 0.0000 12.4167 4.7077 6
0.0000 1.5385 3.4242 9.0000 5.8462 3.5217 5.6667 10.0000 0.3913 2.0000 6
1.4733 6.5892 0.0000 10.0299 3.8143 9.2222 5.4483 0.2254 2.2791 13.1429 6
1.4103 15.7037 0.0000 3.7917 9.3704 0.1657 8.0238 12.1000 2.8681 14.0000 6
4.8667 1.0000 2.3929 7.6667 0.0000 3.5385 0.0000 2.0000 1.0000 5.7500 6
1.6894 4.9364 11.0000 8.0385 0.0000 5.3333 3.4138 0.6914 7.0000 7.0000 6
2.3077 5.3448 0.0000 15.0000 1.0000 0.0000 3.6667 1.4000 9.0000 16.0000 6
0.3626 3.8750 11.0000 7.0000 9.5000 0.0000 1.3878 7.5000 5.3846 3.4333 6
0.0000 16.0000 0.0000 0.0000 0.0000 0.0000 16.0000 16.0000 16.0000 16.0000 6
2.4163 8.1212 6.2017 4.3224 0.5877 2.3902 6.4174 4.3041 0.5212 10.1429 6
0.0000 16.0000 16.0000 16.0000 16.0000 0.0000 2.0000 2.0000 2.0000 14.0000 6
