0.4897 6.8205 10.4348 3.7799 13.9167 0.3317 2.4860 6.3696 4.3889 8.5000 0.2329 4.7500 7.6000 9.7500 2.5769 1
1.0000 2.4532 4.6971 7.5152 0.0000 3.0000 4.9333 2.0000 0.0000 1.0000 2.4648 7.6250 4.0000 5.2667 0.2992 1
0.6706 7.7667 3.4167 11.0000 5.3281 0.0000 1.0000 9.6000 2.5581 5.9000 4.8800 3.0000 1.0000 0.0000 2.0000 1
0.2745 7.3529 4.8267 9.5000 2.3953 0.0000 1.4773 3.8889 10.5000 6.5000 4.5000 0.5672 2.0000 3.0000 6.0000 1
3.8586 0.0000 6.4138 9.8333 1.4449 4.2000 2.5526 0.0000 7.1429 1.0000 2.0000 5.8667 0.0000 3.3793 1.0000 1
0.0000 1.4332 3.7021 10.0000 6.6545 3.7500 1.4490 9.0000 0.0000 6.5000 2.7222 5.9412 0.0000 9.3333 1.0000 1
0.0000 16.0000 16.0000 16.0000 16.0000 0.0000 16.0000 0.0000 0.0000 0.0000 0.3443 4.3043 6.0000 7.0000 2.3889 1
0.2541 6.7288 4.3733 2.4800 10.1333 0.0000 6.3000 1.4200 3.7857 8.0000 0.6442 15.0000 13.5000 11.0000 5.7500 1
3.8269 0.7228 12.0000 6.3148 8.4667 7.0000 2.8600 5.2727 1.0000 0.0000 3.3929 1.5208 0.0000 8.0000 5.3333 1
4.9600 0.2794 10.5000 2.4194 8.5000 1.7321 0.0000 7.5714 4.6316 9.0000 4.8095 0.1316 11.0000 2.6667 8.6667 1
0.3998 10.7647 2.4346 7.5726 4.7391 3.7186 1.4328 0.0000 6.5122 10.4000 4.0952 0.6413 10.5000 8.5000 6.2222 6
0.0000 0.0000 16.0000 0.0000 0.0000 0.0000 16.0000 16.0000 16.0000 16.0000 16.0000 0.0000 0.0000 16.0000 16.0000 6
1.4810 0.0000 5.3714 3.4669 7.4783 1.4729 0.0000 6.5088 3.5980 9.6364 1.4120 6.7273 0.0000 3.6707 9.6923 6
2.7994 5.6522 1.0000 0.0000 8.5000 1.4221 0.0000 3.5849 10.0000 6.6250 4.4000 0.0000 1.2000 11.0000 7.8889 6
11.0909 0.3209 2.3125 4.2143 6.5882 0.0000 12.0909 9.0000 1.7143 4.5000 0.0000 5.0588 7.3500 10.0000 1.5763 6
0.0000 1.6939 4.7586 13.0000 8.2500 3.8440 0.0000 1.4708 6.6140 10.2000 1.0000 13.0000 0.0000 14.0000 14.0000 6
4.7106 1.8057 7.8000 0.0000 11.0000 10.8140 1.2759 0.0000 4.2308 13.5714 0.0000 14.1818 5.0000 1.7436 16.0000 6
0.0000 3.8212 1.3609 6.2895 8.4667 3.7290 6.4091 9.3333 0.0000 1.5000 0.5743 7.7500 3.3478 2.0000 5.1111 6
0.0000 16.0000 16.0000 16.0000 16.0000 0.0000 16.0000 16.0000 16.0000 16.0000 0.3511 5.7701 8.6667 3.4512 2.0000 6
8.2857 0.4693 12.4000 15.9091 4.0427 2.7337 0.2974 10.4762 15.9167 5.9659 0.0000 1.3093 8.1111 4.0727 14.6667 6
2.8000 0.2925 15.0000 5.9125 10.2222 3.2899 0.0000 1.4097 6.0000 8.9231 0.1546 15.7778 2.8000 7.2000 10.5000 6
1.8658 0.0000 7.8000 4.7407 11.1429 0.2724 2.4085 4.5000 9.6667 6.6970 3.0250 0.2500 10.0000 5.3333 7.0000 6
2.0000 0.0000 1.0000 3.3611 5.6000 4.3415 3.0000 1.5119 0.0000 6.7500 0.3958 3.4773 5.0000 5.0000 2.0000 6
1.3130 3.8676 0.0000 9.8102 15.0395 5.0924 0.0000 9.1288 1.5761 13.8667 2.7838 6.1290 0.3739 8.6923 10.4286 6
12.3662 0.4461 9.1739 2.3862 6.0909 0.6064 8.6990 3.6981 11.5750 13.0000 0.4387 5.9579 10.0857 12.4000 2.6429 6
1.3867 0.0000 5.6595 11.1111 3.4049 9.9000 0.0000 14.9444 4.3600 1.3612 0.0000 14.3077 11.0000 2.0000 1.0000 6
3.5172 1.4400 0.0000 5.2308 7.0000 0.0000 3.4857 5.0000 6.0000 1.4878 1.4423 5.0000 3.3824 0.0000 6.5000 6
1.4137 7.7521 0.0000 13.0000 3.7725 2.7299 0.2681 9.8571 6.2549 15.3684 0.0000 6.9577 11.2911 15.0000 1.8707 6
0.2265 2.4234 4.4194 6.6563 10.3571 4.6885 2.3571 0.0000 1.0000 8.1818 0.3706 13.0000 2.7083 6.1176 8.8571 6
0.1480 15.6512 6.4074 11.7143 2.5596 2.2474 0.6320 7.7692 4.8571 11.1333 3.8287 0.7968 8.6739 11.6341 15.0000 6
0.1334 8.0000 4.6000 15.4471 10.8750 1.3896 0.0000 15.2286 7.0267 3.7136 3.0642 0.2469 7.0000 13.3889 9.6286 6
0.2260 7.1357 3.0033 11.7108 15.5333 0.2335 12.7660 15.8298 3.0198 7.4593 4.5855 0.3670 12.2308 7.9107 2.4555 6
0.3758 3.9919 8.3611 12.6429 15.8750 1.8940 7.0000 0.0000 13.1707 15.9231 7.3364 0.4272 11.2414 3.8185 14.8889 6
2.4560 0.2766 4.7930 12.3824 7.8654 3.7002 0.6316 7.1525 11.0175 15.1250 3.6645 6.5556 1.0000 2.0000 0.0000 6
0.3480 7.0000 2.9412 8.5000 5.3333 4.5556 6.0000 0.3548 7.0000 2.4359 4.3889 0.5000 7.0000 2.5429 6.0000 6
14.1944 0.3069 2.7377 5.9508 9.5238 0.0000 1.5975 4.5431 8.4444 14.3333 0.5389 2.4087 9.3333 4.2836 7.0976 6
5.2069 0.0000 9.3636 13.2250 1.7343 3.8661 12.6216 8.3523 0.0000 1.4428 1.0000 2.6875 0.0000 6.3387 10.8333 6
1.6818 0.0000 5.0000 9.5185 15.1579 7.4906 0.3208 2.8057 11.0000 15.6800 0.2437 10.9804 2.9878 7.1079 15.4490 6
0.6038 10.8586 5.6509 13.2444 15.7838 2.5414 5.8710 11.1778 0.4500 15.0909 3.2069 0.3882 8.3750 10.0000 11.0000 6
1.8562 0.0000 4.6667 11.5000 7.8462 0.4615 4.4286 2.4000 8.5000 6.4000 0.3099 2.7500 7.4000 9.3333 5.3846 6
1.4114 7.5135 3.6977 0.0000 11.5122 7.9091 1.4821 10.8571 4.7805 0.0000 4.8000 1.4054 3.0000 9.0000 0.0000 6
1.3641 8.9914 15.1560 4.0301 0.0000 0.4325 8.3684 12.3690 15.9412 4.0571 15.4242 0.2783 3.9149 6.4615 10.3077 6
6.7778 0.0000 14.0000 2.6929 1.0000 0.4487 2.9688 5.4286 9.0000 7.6250 1.0000 5.8333 2.8261 0.0000 8.7500 6
0.4630 9.4286 12.6765 3.7480 15.7500 0.3174 12.9583 2.3028 15.6842 9.5577 0.0000 1.8333 11.5263 4.9623 15.7586 6
0.1614 8.4000 13.2000 16.0000 16.0000 0.0446 11.0000 13.6667 16.0000 15.0000 4.8387 0.0000 2.4000 12.6875 1.0000 6
8.2108 3.9149 1.3357 0.0000 12.0933 0.3915 5.7974 2.0000 3.3738 9.1220 6.6842 1.2809 4.0952 13.0000 0.0000 6
0.1274 6.2571 15.9070 2.9294 11.3333 1.0000 13.6271 2.3571 0.0000 6.3600 0.0000 2.7608 7.3333 5.3492 1.0000 6
1.5014 0.0000 3.4296 5.2121 7.7500 0.8398 3.5714 7.1250 10.0000 9.0000 4.0000 5.2727 2.3488 1.0000 0.0000 6
3.1149 0.1913 12.5000 7.6875 14.2308 3.5385 0.0000 1.5273 7.8333 5.5000 1.5833 4.0000 0.0000 14.0000 7.0000 6
13.3286 0.0000 7.8214 1.5187 3.8462 2.1212 13.6391 0.0000 6.7500 1.0000 2.7604 8.6667 0.3761 11.5455 5.6759 6
1.8786 0.0000 5.2621 12.0000 8.8667 0.0000 3.4835 1.4335 5.3469 7.7000 3.8333 0.4634 6.7500 9.0000 8.0000 6
4.1135 8.2593 0.5500 12.4516 15.9643 4.7124 14.3611 0.2526 8.2366 2.4212 0.5594 3.7976 7.1632 12.9167 15.9412 6
0.4696 12.0000 14.9375 9.1000 16.0000 0.3095 2.6071 9.1739 11.0000 12.0000 0.0000 3.7299 7.1034 11.0909 1.4616 6
4.3476 6.5846 9.5714 2.4097 0.2920 0.0000 2.7719 7.2000 5.7500 1.0000 3.5091 1.0000 0.0000 2.0000 6.3793 6
6.2373 0.0000 12.6250 1.9358 15.8293 0.0000 9.4815 15.7500 1.5482 5.0000 15.8070 6.2105 10.9545 2.6957 0.1498 6
0.3364 2.6579 10.6000 8.4375 5.8571 0.1739 5.5000 8.5000 7.0000 2.8571 0.0000 1.0000 2.5263 10.0000 4.8261 6
5.1706 1.5663 9.0633 0.0000 13.7429 1.5714 0.0000 5.2093 11.6667 9.0811 8.1154 0.0000 1.5729 4.6667 11.0000 6
0.1719 11.0000 2.7855 6.1111 15.6250 0.4534 7.2727 12.8919 16.0000 3.7419 0.0000 1.0000 2.0000 3.3441 5.6296 6
0.2254 2.6486 14.0000 5.6923 9.0000 2.3226 0.3796 6.3913 4.4483 8.0000 0.0000 1.0000 4.9474 2.3617 7.6667 6
12.9804 4.7879 0.3809 2.4810 7.8000 2.5667 0.0000 11.5000 5.8621 1.0000 0.3571 2.6071 8.7500 11.0000 10.0000 6
0.0000 13.4600 2.9649 1.0000 8.0223 0.0000 3.8956 1.4400 8.6065 13.5385 0.3067 3.8345 7.5652 2.0000 13.1538 6
3.4286 1.4667 5.2143 7.0000 0.0000 4.4231 0.2754 2.5600 9.5000 6.5000 1.5577 3.0000 4.4167 6.0000 0.0000 6
0.0000 10.5106 1.5298 6.8182 14.8333 2.5583 14.8723 0.1611 10.3947 6.8065 1.3495 3.7844 0.0000 13.6176 9.4959 6
2.8075 0.2699 10.3333 5.9211 8.4000 0.0000 1.7866 9.1111 7.4634 4.7832 2.4286 1.0000 0.0000 6.5000 4.4000 6
0.0000 4.9470 13.2667 9.4000 1.7149 5.7073 0.3381 10.7143 15.5000 2.8343 1.0000 0.0000 3.3667 2.0000 5.3125 6
0.0000 5.2186 10.9780 1.7116 15.1795 3.6481 0.3703 7.6486 12.6400 15.6316 0.0000 1.0000 2.7310 15.0000 9.6852 6
0.2821 2.4665 6.7178 4.4227 9.5263 0.6671 9.5000 13.0000 3.8478 6.6375 6.3902 2.0000 1.0000 0.0000 3.4048 6
16.0000 0.0000 0.0000 16.0000 16.0000 0.0000 16.0000 16.0000 16.0000 16.0000 0.0000 16.0000 16.0000 16.0000 16.0000 6
0.5161 7.0000 2.4250 4.5000 6.0000 3.5000 0.0000 5.5833 1.5102 8.0000 4.9524 2.5526 1.0000 0.0000 7.3333 6
0.0000 16.0000 16.0000 16.0000 16.0000 0.0000 0.0000 16.0000 0.0000 0.0000 0.0893 16.0000 14.2857 13.0000 13.0000 6
