1.0000 2.4503 0.0000 4.7625 7.6841 0.0000 1.4283 8.6522 3.4034 5.6703 1.4350 3.8234 0.0000 9.6374 6.6016 1
3.7391 1.4469 0.0000 6.4649 9.9231 1.4647 3.7888 0.0000 6.3066 8.4528 0.3945 8.3898 4.4113 2.4443 6.3171 1
0.0000 1.4162 8.4771 6.3581 3.8183 0.6411 10.5091 6.3976 8.4148 3.8457 4.7261 0.3620 2.4342 7.5105 10.6364 1
5.6233 4.0000 0.3725 2.4657 8.8476 0.6860 3.8287 12.5556 6.5658 9.5918 4.7136 2.4426 1.0000 0.0000 7.5973 1
1.0000 7.6766 2.4512 4.6935 0.0000 2.4660 4.4210 6.7365 0.0000 1.0000 0.3640 2.8326 5.3362 7.3439 9.5972 1
3.4233 0.3221 5.6452 2.0000 8.5145 0.0000 4.7207 11.0000 1.8255 7.6512 1.8349 0.0000 10.7778 4.7472 7.6073 1
0.0000 5.1872 2.4349 10.8452 1.0000 3.4509 1.4164 10.8452 0.0000 5.8849 0.6427 6.6437 3.8561 9.8475 13.2000 1
0.2959 5.7840 8.6775 12.0633 2.8322 0.5960 6.7656 9.6525 12.9348 3.8382 1.0000 0.0000 2.7764 6.0127 10.2328 1
1.4133 6.7061 3.7975 9.7835 0.0000 1.0000 6.4484 2.0000 0.0000 3.4704 1.4090 3.0000 0.0000 4.4411 6.8877 1
0.6392 3.8519 6.7454 12.6250 9.5306 1.0000 7.3619 0.0000 3.8135 2.0000 5.4382 0.6123 7.0000 8.7077 3.4613 1
4.6615 0.4255 7.9666 14.3193 2.3890 1.5019 0.0000 3.6215 6.8553 13.5208 4.9827 1.0000 0.0000 2.3667 11.2013 6
0.2596 9.8571 3.5000 15.3333 2.0000 14.9375 0.0000 2.0000 1.0000 2.0000 0.0000 0.0000 0.0000 16.0000 0.0000 6
1.4628 3.3872 8.4833 5.5585 0.0000 3.0000 4.4202 1.3953 0.0000 7.1745 8.6732 0.3724 3.4128 5.6961 2.0000 6
3.8160 0.0000 1.4069 8.5288 6.3958 1.4229 0.0000 8.5884 5.7079 3.4353 3.4173 5.3786 10.6341 7.5753 0.7524 6
0.3644 5.4054 2.3323 15.2202 11.3893 0.0000 9.7800 6.3753 1.7843 12.7489 4.3298 0.5974 9.6991 12.5869 15.6115 6
0.5387 8.0217 12.3879 4.2133 15.8679 0.2849 9.5610 14.1350 5.0685 2.3100 7.9640 0.2846 12.4161 2.9056 15.7841 6
1.2682 4.1355 13.1903 8.8737 0.0000 1.4971 0.0000 9.5301 13.4432 5.2082 0.0000 1.5791 11.2345 14.7988 7.0451 6
5.5642 0.8251 8.5954 13.8571 3.4161 0.0000 4.5857 1.0000 7.8844 2.4269 4.5648 3.0000 1.5017 7.9894 0.0000 6
3.8144 1.3892 0.0000 9.5179 6.5629 0.0000 1.3892 3.8144 9.5179 6.5629 4.7840 2.4626 9.5179 7.3235 0.3748 6
5.1009 0.0000 9.0000 1.6630 15.2571 1.0000 2.4411 5.4360 0.0000 14.7222 4.0919 0.5932 8.0157 12.4565 15.7679 6
0.3202 4.7438 2.4255 8.5066 14.1881 0.5682 7.0462 11.2381 15.5492 3.7707 14.7230 1.4266 0.0000 8.4962 4.0352 6
2.8080 5.6852 0.3137 8.6164 11.4375 0.0000 8.6509 2.8346 1.0000 5.6229 4.7372 0.3504 9.3944 7.3500 2.4457 6
0.0000 3.3580 1.0000 5.1968 2.0000 0.0000 7.4970 1.4827 3.4195 5.3646 1.5431 4.0000 3.0000 5.2634 0.0000 6
0.0000 6.7584 1.4217 9.4980 3.7255 4.6011 7.7641 0.4342 2.4369 10.3750 0.0000 1.4558 3.7000 6.6686 9.3548 6
0.3487 2.5978 14.7903 10.2651 6.0095 1.2572 3.6885 8.0707 13.2126 0.0000 8.1770 13.3728 3.7043 0.0000 1.2562 6
4.2455 1.3355 0.0000 10.1283 14.7181 0.0000 9.8923 4.9793 14.4375 1.6694 2.7872 5.7189 8.7756 0.3693 14.4875 6
0.3998 2.8127 12.4545 8.6984 5.5011 0.0000 2.4502 1.0000 4.5964 7.6012 3.6998 0.8289 12.4545 6.5735 9.7174 6
0.0000 7.0278 1.7681 11.1278 15.6761 4.2063 0.0000 9.8072 1.3146 14.7529 0.2942 15.3517 9.6392 2.3009 5.1202 6
1.2794 4.1612 0.0000 13.6941 8.9401 0.0000 2.9572 7.3226 1.0000 11.4000 0.6841 8.1361 12.0417 4.0657 14.5102 6
1.0000 9.7778 4.8235 2.3864 0.0000 0.3442 2.9202 11.7692 14.7500 16.0000 0.0000 9.1161 1.7116 4.9055 13.2018 6
5.6595 11.1250 0.5312 13.3763 15.8077 0.0000 15.2800 1.3433 11.3798 5.4937 4.6121 1.2415 10.6818 14.6995 0.0000 6
1.4137 4.2490 8.4354 13.6765 0.0000 0.1422 2.9055 6.3221 10.1714 14.1143 0.3106 4.2443 7.8750 11.1296 15.3415 6
0.0000 9.2056 13.5695 5.0728 1.7997 10.2764 2.4502 0.0000 1.0000 5.0421 1.8235 9.6480 4.9418 0.0000 14.4790 6
0.3473 5.6091 2.8178 8.8983 15.6154 2.8394 0.4099 5.3638 7.3209 9.6071 0.6905 10.5714 3.7737 6.3409 8.3000 6
1.4547 6.6898 11.4405 3.7807 0.0000 3.4412 5.6753 0.6852 8.8567 13.7536 0.0000 2.0000 1.0000 3.4228 5.8349 6
11.6838 2.0000 3.3479 5.9409 0.3905 5.6553 0.4549 8.8952 13.8095 2.7285 0.4629 2.4296 9.7619 4.4311 6.5974 6
0.0000 7.7759 1.7496 10.8293 4.7605 0.0000 6.6706 1.3788 9.9143 3.8434 0.6547 11.7742 6.7183 9.4250 3.7852 6
0.0000 1.7170 9.3171 14.8485 5.0000 0.0000 14.6500 1.4194 3.6952 7.5535 0.5707 15.5818 3.7778 7.1076 11.3182 6
0.0000 9.6322 5.0567 13.0643 1.6288 4.2578 1.3013 0.0000 14.0743 10.2739 1.0000 7.9652 0.0000 2.8149 12.5129 6
0.0000 3.7744 1.4158 10.0294 6.7354 7.0973 2.4666 1.0000 4.4196 0.0000 3.4759 1.4254 5.6868 0.0000 8.8121 6
4.0590 0.5815 8.1607 11.8636 15.1532 6.3602 1.7302 0.0000 12.4713 9.7455 0.0000 1.0000 7.1153 2.4340 11.3630 6
0.2136 6.0906 10.2943 2.7966 14.8674 0.3954 8.2374 4.0627 12.6108 15.6701 0.3892 8.3683 4.0287 12.3077 15.8595 6
1.0000 2.4414 0.0000 4.7229 8.0268 2.7582 0.0000 1.0000 9.0700 5.7540 0.0000 7.7133 1.8029 4.6888 10.4000 6
2.7370 14.1635 6.2516 1.0000 0.0000 0.2943 2.7249 5.9474 10.8521 15.5685 0.5913 3.7376 6.9129 11.5000 15.5753 6
0.6090 8.1945 4.0102 11.8303 14.9355 0.0000 1.0000 2.8491 5.7594 11.3034 1.3851 3.9992 8.1677 0.0000 12.6346 6
0.0000 12.3409 1.3694 3.4448 5.9233 0.0000 7.5652 4.7660 1.7450 13.0625 0.4001 2.8321 8.4960 12.5660 5.6658 6
0.7140 3.7845 6.6286 9.4364 11.1304 0.6957 3.7308 11.5610 6.6370 9.4286 1.7370 0.0000 5.0709 9.0537 13.5077 6
1.7060 0.0000 7.9386 13.0633 4.7720 0.0000 1.3554 3.7691 6.8194 9.7988 4.4085 0.4719 2.4092 8.3973 6.3682 6
1.0000 7.8716 0.0000 3.8186 2.0000 4.7344 0.2541 7.9956 2.4253 12.6897 8.1757 2.0000 1.0000 0.0000 3.7690 6
0.3426 5.6796 2.7297 8.6860 12.0000 0.7033 3.4144 5.7600 9.3276 14.8125 0.6251 3.8315 7.3080 10.7273 14.2143 6
0.0000 1.6630 9.0475 5.0796 13.3760 5.6997 0.0000 2.7985 9.1960 1.0000 0.0000 1.4462 3.4235 5.4453 8.3133 6
0.0000 8.1608 1.7804 13.8682 4.8081 2.4084 4.7582 0.2908 8.2784 14.4040 4.0446 9.1075 0.0000 1.4198 15.2903 6
6.7490 3.7962 9.3500 0.7183 11.7241 1.0000 0.0000 7.4532 2.0000 3.8076 0.0000 7.7310 1.6866 4.7923 10.8630 6
0.6162 9.3696 11.2105 3.8083 6.7641 0.2766 2.4246 4.7037 7.6496 11.0909 0.0000 3.7972 6.6415 9.9250 1.5019 6
1.6629 5.0733 9.7860 0.0000 14.7797 8.7055 1.4111 14.3362 0.0000 4.0338 0.2491 2.3731 14.2283 4.5897 8.6611 6
0.5020 9.7861 12.4103 6.7605 3.8587 1.8799 0.0000 5.1918 9.1739 13.0156 0.4460 4.2506 7.8037 10.6232 13.9111 6
0.0000 1.9300 10.0233 6.1753 15.1084 1.6273 0.0000 9.6199 5.2388 15.2289 0.0000 10.8404 5.3983 1.6727 15.5824 6
0.4343 15.0484 3.3989 2.0000 5.7643 2.7169 0.4174 9.1186 5.4347 15.6429 0.4425 2.4411 4.6215 15.3099 8.0167 6
0.0000 1.4111 5.8963 10.6944 3.4165 0.7859 11.6957 6.7880 9.3400 3.6852 1.4384 6.7412 3.6878 0.0000 10.2982 6
0.0000 6.8599 3.6053 10.0295 1.3996 1.6414 0.0000 7.7543 10.7283 4.7337 0.4729 2.6006 9.9472 6.2376 12.5000 6
0.0000 3.7484 13.1727 6.9920 1.3877 8.1886 4.0043 1.3866 0.0000 14.0065 1.7418 9.0772 4.9668 0.0000 13.7692 6
2.4310 7.6833 4.6389 0.4393 10.5000 1.4868 0.0000 7.5546 3.4000 5.3038 4.3842 2.4538 0.3923 8.5000 6.3769 6
4.0607 0.4404 8.2941 12.3225 15.6872 0.5099 4.0311 8.3068 11.7500 15.6538 4.0264 0.4714 8.3855 12.4522 15.8561 6
0.3819 4.7609 2.4381 7.3361 9.5556 3.8207 8.2825 0.7256 10.4167 6.3414 0.3772 2.8404 11.8333 5.6944 8.5234 6
4.0198 0.0000 8.3072 1.4185 14.4051 2.7542 0.0000 5.9306 1.0000 13.3835 0.6922 3.7085 6.7603 11.4206 15.2727 6
1.5561 0.0000 9.5956 5.1921 14.9630 2.3198 14.9419 5.1368 9.6228 0.4375 0.0000 1.5524 5.4492 10.6443 15.4127 6
5.6583 8.9632 0.3058 3.4495 2.0000 2.4236 7.6883 4.8210 0.2653 10.7065 0.5713 6.7680 9.6404 12.4063 3.7904 6
0.0000 16.0000 16.0000 16.0000 16.0000 16.0000 0.0536 14.5000 13.0000 13.0000 0.0000 16.0000 16.0000 16.0000 16.0000 6
4.4605 0.4685 6.3158 2.3723 8.2000 3.7398 1.4395 6.2934 8.4800 0.0000 4.3993 0.4745 2.4389 6.3500 8.4000 6
0.0893 16.0000 14.2857 13.0000 13.0000 0.0000 2.0000 15.2917 1.0000 1.0000 0.0000 2.0000 1.0000 2.0000 15.4063 6
